1: 0,1,2,3,4
2: 0,1,2,3,4,5
3: 0,1,2,3,4
4: 0,1,2,3,4
5: 0,1,2,3,4,5
6: 0,1,2,3,4,5
7: 0,1,2,3,4
8: 0,1,2,3,4,5
9: 0,1,2,3,4
10: 0,1,2,3,4,5
11: 0,1,2,3,4,5
12: 0,1,2,3,4
13: 0,1,2,3,4,5
14: 0,1,2,3,4,5
15: 0,1,2,3,4,5
16: 0,1,2,3,4
17: 0,1,2,3,4,5
18: 0,1,2,3,4,5
19: 0,1,2,3,4
20: 0,1,2,3,4,5
21: 0,1,2,3,4,5
22: 0,1,2,3,4,5
23: 0,1,2,3,4,5
24: 0,1,2,3,4,5
25: 0,1,2,3,4,5
26: 0,1,2,3,4,5
27: 0,1,2,3,4,5
28: 0,1,2,3,4,5
29: 0,1,2,3,4,5
30: 0,1,2,3,4,5
31: 0,1,2,3,4,5
32: 0,1,2,3,4,5
33: 0,1,2,3,4,5
34: 0,1,2,3,4
35: 0,1,2,3
36: 0,1,2,3,4,5
37: 0,1,2,3,4,5
38: 0,1,2,3,4,5
39: 0,1,2,3,4,5
40: 0,1,2,3,4,5
41: 0,1,2,3,4
42: 0,1,2,3,4,5
43: 0,1,2,3,4,5,6,7,8,9
44: 0,1,2,3,4,5
45: 0,1,2,3,4,5
46: 0,1,2,3,4,5
47: 0,1,2,3
49: 0,1,2,3,4,5